image_width: 640
image_height: 480
camera_name: fisheye
camera_matrix:
  rows: 3
  cols: 3
  data: [333.65599,   0.     , 328.74013,
           0.     , 333.39785, 260.88814,
           0.     ,   0.     ,   1.     ]
distortion_model: plumb_bob
distortion_coefficients:
  rows: 1
  cols: 5
  data: [-0.267588, 0.053127, -0.000288, -0.000957, 0.000000]
rectification_matrix:
  rows: 3
  cols: 3
  data: [1., 0., 0.,
         0., 1., 0.,
         0., 0., 1.]
projection_matrix:
  rows: 3
  cols: 4
  data: [231.35129,   0.     , 324.62295,   0.     ,
           0.     , 273.3103 , 270.53944,   0.     ,
           0.     ,   0.     ,   1.     ,   0.     ]
